12947
17887
8916
13106
8975
9382
8980
12752
14210
12626
12905
9073
17116
13591
12949
8959
17894
16532
17077
9023
12930
16555
9344
9022
25740
25617
8917
14305
16554
25614
9024
9320
13025
12907
13403
8865
10302
8918
10261
13693
13024
15902
17558
13689
8867
8914
12951
12818
10273
9081
8974
13460
9228
10307
17642
25744
25279
12882
10279
9261
10260
15473
12909
17710
14081
14304
13617
25612
12881
13458
12906
14079
16661
25605
16552
8913
13687
13688
12931
25289
12934
12750
10301
10262
12811
14213
12908
12891
12821
13019
12880
12884
8915
12826
12242
9256
13616
14192
10264
13694
14154
16533
12820
17079
17117
17113
9124
12932
12929
13459
13461
9126
12749
12871
14153
9173
12751
25741
17557
13402
12822
10256
12948
14306
15633
12875
9037
8951
13401
17643
9257
10282
9036
12911
25293
17565
14082
